    0.0010         0.0000
    0.0015         0.0000
    0.0020         0.0000
    0.0025         0.0000
    0.0030         0.0000
    0.0035         0.0000
    0.0040         0.0000
    0.0045         0.0000
    0.0050         0.0000
    0.0100         0.0002
    0.0150         0.0004
    0.0200         0.0007
    0.0250         0.0010
    0.0300         0.0015
    0.0350         0.0020
    0.0400         0.0026
    0.0450         0.0032
    0.0500         0.0039
    0.1000         0.0127
    0.1500         0.0224
    0.2000         0.0318
    0.2500         0.0409
    0.3000         0.0498
    0.3500         0.0584
    0.4000         0.0665
    0.4500         0.0742
    0.5000         0.0819
    1.0000         0.1684
    1.5000         0.2726
    2.0000         0.3983
