    0.0040         0.0000
    0.0066         0.0000
    0.0092         0.0000
    0.0119         0.0000
    0.0145         0.0000
    0.0172         0.0000
    0.0198         0.0000
    0.0224         0.0000
    0.0251         0.0000
    0.0277         0.0000
    0.0304         0.0000
    0.0330         0.0000
    0.0356         0.0000
    0.0383         0.0000
    0.0409         0.0000
    0.0435         0.0000
    0.0462         0.0000
    0.0488         0.0000
    0.0515         0.0000
    0.0541         0.0000
    0.0567         0.0000
    0.0594         0.0000
    0.0620         0.0000
    0.0647         0.0000
    0.0673         0.0000
    0.0699         0.0000
    0.0726         0.0000
    0.0752         0.0000
    0.0779         0.0000
    0.0805         0.0000
    0.0831         0.0000
    0.0858         0.0000
    0.0884         0.0000
    0.0911         0.0000
    0.0937         0.0000
    0.0963         0.0000
    0.0990         0.0000
    0.1016         0.0000
    0.1042         0.0000
    0.1069         0.0000
    0.1095         0.0000
    0.1122         0.0000
    0.1148         0.0000
    0.1174         0.0000
    0.1201         0.0000
    0.1227         0.0000
    0.1254         0.0000
    0.1280         0.0000
    0.1306         0.0000
    0.1333         0.0000
    0.1359         0.0000
    0.1386         0.0000
    0.1412         0.0000
    0.1438         0.0000
    0.1465         0.0000
    0.1491         0.0000
    0.1518         0.0000
    0.1544         0.0000
    0.1570         0.0000
    0.1597         0.0000
    0.1623         0.0000
    0.1649         0.0000
    0.1676         0.0000
    0.1702         0.0000
    0.1729         0.0000
    0.1755         0.0000
    0.1781         0.0000
    0.1808         0.0000
    0.1834         0.0000
    0.1861         0.0000
    0.1887         0.0000
    0.1913         0.0000
    0.1940         0.0000
    0.1966         0.0000
    0.1993         0.0000
    0.2019         0.0000
    0.2045         0.0000
    0.2072         0.0000
    0.2098         0.0000
    0.2125         0.0000
    0.2151         0.0000
    0.2177         0.0000
    0.2204         0.0000
    0.2230         0.0000
    0.2256         0.0000
    0.2283         0.0000
    0.2309         0.0000
    0.2336         0.0000
    0.2362         0.0000
    0.2388         0.0000
    0.2415         0.0000
    0.2441         0.0000
    0.2468         0.0000
    0.2494         0.0000
    0.2520         0.0000
    0.2547         0.0000
    0.2573         0.0000
    0.2600         0.0000
    0.2626         0.0000
    0.2652         0.0000
    0.2679         0.0000
    0.2705         0.0000
    0.2732         0.0000
    0.2758         0.0000
    0.2784         0.0000
    0.2811         0.0000
    0.2837         0.0000
    0.2863         0.0000
    0.2890         0.0000
    0.2916         0.0000
    0.2943         0.0000
    0.2969         0.0000
    0.2995         0.0000
    0.3022         0.0000
    0.3048         0.0000
    0.3075         0.0000
    0.3101         0.0000
    0.3127         0.0000
    0.3154         0.0000
    0.3180         0.0000
    0.3207         0.0000
    0.3233         0.0000
    0.3259         0.0000
    0.3286         0.0000
    0.3312         0.0000
    0.3339         0.0000
    0.3365         0.0000
    0.3391         0.0000
    0.3418         0.0000
    0.3444         0.0000
    0.3471         0.0000
    0.3497         0.0000
    0.3523         0.0000
    0.3550         0.0000
    0.3576         0.0000
    0.3602         0.0000
    0.3629         0.0000
    0.3655         0.0000
    0.3682         0.0000
    0.3708         0.0000
    0.3734         0.0000
    0.3761         0.0000
    0.3787         0.0000
    0.3814         0.0000
    0.3840         0.0000
    0.3866         0.0000
    0.3893         0.0000
    0.3919         0.0000
    0.3946         0.0000
    0.3972         0.0000
    0.3998         0.0000
    0.4025         0.0000
    0.4051         0.0000
    0.4078         0.0000
    0.4104         0.0000
    0.4130         0.0000
    0.4157         0.0000
    0.4183         0.0000
    0.4209         0.0000
    0.4236         0.0000
    0.4262         0.0000
    0.4289         0.0000
    0.4315         0.0000
    0.4341         0.0000
    0.4368         0.0000
    0.4394         0.0000
    0.4421         0.0000
    0.4447         0.0000
    0.4473         0.0000
    0.4500         0.0000
    0.4526         0.0000
    0.4553         0.0000
    0.4579         0.0000
    0.4605         0.0000
    0.4632         0.0000
    0.4658         0.0000
    0.4685         0.0000
    0.4711         0.0000
    0.4737         0.0000
    0.4764         0.0000
    0.4790         0.0000
    0.4816         0.0000
    0.4843         0.0000
    0.4869         0.0000
    0.4896         0.0000
    0.4922         0.0000
    0.4948         0.0000
    0.4975         0.0000
    0.5001         0.0000
    0.5028         0.0000
    0.5054         0.0000
    0.5080         0.0000
    0.5107         0.0000
    0.5133         0.0000
    0.5160         0.0000
    0.5186         0.0000
    0.5212         0.0000
    0.5239         0.0000
    0.5265         0.0000
    0.5292         0.0000
    0.5318         0.0000
    0.5344         0.0000
    0.5371         0.0000
    0.5397         0.0000
    0.5423         0.0000
    0.5450         0.0000
    0.5476         0.0000
    0.5503         0.0000
    0.5529         0.0000
    0.5555         0.0000
    0.5582         0.0000
    0.5608         0.0000
    0.5635         0.0000
    0.5661         0.0000
    0.5687         0.0000
    0.5714         0.0000
    0.5740         0.0000
    0.5767         0.0000
    0.5793         0.0000
    0.5819         0.0000
    0.5846         0.0000
    0.5872         0.0000
    0.5899         0.0000
    0.5925         0.0000
    0.5951         0.0000
    0.5978         0.0000
    0.6004         0.0000
    0.6030         0.0000
    0.6057         0.0000
    0.6083         0.0000
    0.6110         0.0000
    0.6136         0.0000
    0.6162         0.0000
    0.6189         0.0000
    0.6215         0.0000
    0.6242         0.0000
    0.6268         0.0000
    0.6294         0.0000
    0.6321         0.0000
    0.6347         0.0000
    0.6374         0.0000
    0.6400         0.0000
    0.6426         0.0000
    0.6453         0.0000
    0.6479         0.0000
    0.6506         0.0000
    0.6532         0.0000
    0.6558         0.0000
    0.6585         0.0000
    0.6611         0.0000
    0.6638         0.0000
    0.6664         0.0000
    0.6690         0.0000
    0.6717         0.0000
    0.6743         0.0000
    0.6769         0.0000
    0.6796         0.0000
    0.6822         0.0000
    0.6849         0.0000
    0.6875         0.0000
    0.6901         0.0000
    0.6928         0.0000
    0.6954         0.0000
    0.6981         0.0000
    0.7007         0.0000
    0.7033         0.0000
    0.7060         0.0000
    0.7086         0.0000
    0.7113         0.0000
    0.7139         0.0000
    0.7165         0.0000
    0.7192         0.0000
    0.7218         0.0000
    0.7245         0.0000
    0.7271         0.0000
    0.7297         0.0000
    0.7324         0.0000
    0.7350         0.0000
    0.7376         0.0000
    0.7403         0.0000
    0.7429         0.0000
    0.7456         0.0000
    0.7482         0.0000
    0.7508         0.0000
    0.7535         0.0000
    0.7561         0.0000
    0.7588         0.0000
    0.7614         0.0000
    0.7640         0.0000
    0.7667         0.0000
    0.7693         0.0000
    0.7720         0.0000
    0.7746         0.0000
    0.7772         0.0000
    0.7799         0.0000
    0.7825         0.0000
    0.7852         0.0000
    0.7878         0.0000
    0.7904         0.0000
    0.7931         0.0000
    0.7957         0.0000
    0.7983         0.0000
    0.8010         0.0000
    0.8036         0.0000
    0.8063         0.0000
    0.8089         0.0000
    0.8115         0.0000
    0.8142         0.0000
    0.8168         0.0000
    0.8195         0.0000
    0.8221         0.0000
    0.8247         0.0000
    0.8274         0.0000
    0.8300         0.0000
    0.8327         0.0000
    0.8353         0.0003
    0.8379         0.0002
    0.8406         0.0002
    0.8432         0.0002
    0.8459         0.0002
    0.8485         0.0004
    0.8511         0.0003
    0.8538         0.0011
    0.8564         0.0006
    0.8590         0.0007
    0.8617         0.0007
    0.8643         0.0009
    0.8670         0.0009
    0.8696         0.0017
    0.8722         0.0041
    0.8749         0.0056
    0.8775         0.0082
    0.8802         0.0104
    0.8828         0.0119
    0.8854         0.0163
    0.8881         0.0311
    0.8907         0.0367
    0.8934         0.0473
    0.8960         0.0566
    0.8986         0.0613
    0.9013         0.0709
    0.9039         0.0930
    0.9066         0.1145
    0.9092         0.1348
    0.9118         0.1524
    0.9145         0.1732
    0.9171         0.2018
    0.9198         0.2394
    0.9224         0.2660
    0.9250         0.3105
    0.9277         0.3423
    0.9303         0.3815
    0.9329         0.4495
    0.9356         0.4896
    0.9382         0.5518
    0.9409         0.5963
    0.9435         0.6586
    0.9461         0.7409
    0.9488         0.8296
    0.9514         0.8833
    0.9541         0.9335
    0.9567         0.9698
    0.9593         1.0276
    0.9620         1.1188
    0.9646         1.1928
    0.9673         1.2631
    0.9699         1.3231
    0.9725         1.4110
    0.9752         1.4624
    0.9778         1.5313
    0.9805         1.6026
    0.9831         1.6595
    0.9857         1.7101
    0.9884         1.8005
    0.9910         1.8482
    0.9936         1.9306
    0.9963         1.9492
    0.9989         2.0014
    1.0016         2.0767
    1.0042         2.1249
    1.0068         2.1801
    1.0095         2.2413
    1.0121         2.2452
    1.0148         2.3131
    1.0174         2.3021
    1.0200         2.3313
    1.0227         2.3706
    1.0253         2.3658
    1.0280         2.4432
    1.0306         2.4489
    1.0332         2.4449
    1.0359         2.4645
    1.0385         2.4828
    1.0412         2.4748
    1.0438         2.5271
    1.0464         2.4884
    1.0491         2.4749
    1.0517         2.5062
    1.0543         2.4678
    1.0570         2.4729
    1.0596         2.4696
    1.0623         2.4854
    1.0649         2.5042
    1.0675         2.4679
    1.0702         2.4537
    1.0728         2.4648
    1.0755         2.4593
    1.0781         2.4376
    1.0807         2.4165
    1.0834         2.4154
    1.0860         2.3927
    1.0887         2.3532
    1.0913         2.3266
    1.0939         2.3437
    1.0966         2.2812
    1.0992         2.2871
    1.1019         2.2755
    1.1045         2.2311
    1.1071         2.2330
    1.1098         2.2327
    1.1124         2.1784
    1.1150         2.1556
    1.1177         2.1539
    1.1203         2.1369
    1.1230         2.1183
    1.1256         2.0934
    1.1282         2.0554
    1.1309         2.0490
    1.1335         2.0081
    1.1362         1.9927
    1.1388         1.9806
    1.1414         1.9612
    1.1441         1.8996
    1.1467         1.8864
    1.1494         1.8779
    1.1520         1.8470
    1.1546         1.8067
    1.1573         1.8125
    1.1599         1.7957
    1.1626         1.7862
    1.1652         1.7658
    1.1678         1.7287
    1.1705         1.7145
    1.1731         1.6775
    1.1757         1.6662
    1.1784         1.6568
    1.1810         1.5938
    1.1837         1.5621
    1.1863         1.5715
    1.1889         1.5601
    1.1916         1.5570
    1.1942         1.5452
    1.1969         1.5170
    1.1995         1.5105
    1.2021         1.4750
    1.2048         1.4539
    1.2074         1.4317
    1.2101         1.4074
    1.2127         1.4073
    1.2153         1.4067
    1.2180         1.4278
    1.2206         1.3699
    1.2233         1.3531
    1.2259         1.3308
    1.2285         1.3185
    1.2312         1.3182
    1.2338         1.2932
    1.2365         1.2773
    1.2391         1.2497
    1.2417         1.2508
    1.2444         1.2193
    1.2470         1.2352
    1.2496         1.2453
    1.2523         1.2203
    1.2549         1.1835
    1.2576         1.1959
    1.2602         1.1983
    1.2628         1.1677
    1.2655         1.1511
    1.2681         1.1413
    1.2708         1.1325
    1.2734         1.1282
    1.2760         1.0984
    1.2787         1.0995
    1.2813         1.0914
    1.2840         1.0854
    1.2866         1.0738
    1.2892         1.0473
    1.2919         1.0467
    1.2945         1.0499
    1.2972         1.0617
    1.2998         1.0286
    1.3024         1.0155
    1.3051         0.9960
    1.3077         0.9879
    1.3103         0.9828
    1.3130         0.9758
    1.3156         0.9544
    1.3183         0.9501
    1.3209         0.9421
    1.3235         0.9255
    1.3262         0.9315
    1.3288         0.9136
    1.3315         0.9079
    1.3341         0.9015
    1.3367         0.9020
    1.3394         0.9081
    1.3420         0.9088
    1.3447         0.8809
    1.3473         0.8740
    1.3499         0.8800
    1.3526         0.8823
    1.3552         0.8847
    1.3579         0.8658
    1.3605         0.8571
    1.3631         0.8490
    1.3658         0.8284
    1.3684         0.8241
    1.3710         0.8294
    1.3737         0.8130
    1.3763         0.8158
    1.3790         0.8195
    1.3816         0.8010
    1.3842         0.7786
    1.3869         0.7981
    1.3895         0.7932
    1.3922         0.7921
    1.3948         0.7724
    1.3974         0.7695
    1.4001         0.7802
    1.4027         0.7576
    1.4054         0.7559
    1.4080         0.7601
    1.4106         0.7535
    1.4133         0.7405
    1.4159         0.7374
    1.4186         0.7395
    1.4212         0.7447
    1.4238         0.7348
    1.4265         0.7405
    1.4291         0.7384
    1.4317         0.7353
    1.4344         0.7404
    1.4370         0.7339
    1.4397         0.7360
    1.4423         0.7122
    1.4449         0.7166
    1.4476         0.7134
    1.4502         0.7229
    1.4529         0.7141
    1.4555         0.7105
    1.4581         0.6986
    1.4608         0.6964
    1.4634         0.7103
    1.4661         0.7043
    1.4687         0.6962
    1.4713         0.7030
    1.4740         0.6968
    1.4766         0.6946
    1.4793         0.6941
    1.4819         0.6917
    1.4845         0.6921
    1.4872         0.7001
    1.4898         0.6824
    1.4924         0.6798
    1.4951         0.6868
    1.4977         0.6772
    1.5004         0.6693
    1.5030         0.6765
    1.5056         0.6783
    1.5083         0.6781
    1.5109         0.6800
    1.5136         0.6848
    1.5162         0.6873
    1.5188         0.6784
    1.5215         0.6810
    1.5241         0.6815
    1.5268         0.6674
    1.5294         0.6662
    1.5320         0.6754
    1.5347         0.6692
    1.5373         0.6700
    1.5400         0.6638
    1.5426         0.6667
    1.5452         0.6719
    1.5479         0.6650
    1.5505         0.6752
    1.5532         0.6870
    1.5558         0.6852
    1.5584         0.6801
    1.5611         0.6882
    1.5637         0.6987
    1.5663         0.6897
    1.5690         0.6969
    1.5716         0.6985
    1.5743         0.6892
    1.5769         0.6916
    1.5795         0.6870
    1.5822         0.6849
    1.5848         0.6860
    1.5875         0.7023
    1.5901         0.6967
    1.5927         0.6921
    1.5954         0.6938
    1.5980         0.6942
    1.6007         0.6852
    1.6033         0.6965
    1.6059         0.7044
    1.6086         0.7136
    1.6112         0.7263
    1.6139         0.7234
    1.6165         0.7225
    1.6191         0.7250
    1.6218         0.7119
    1.6244         0.7161
    1.6270         0.7253
    1.6297         0.7291
    1.6323         0.7382
    1.6350         0.7111
    1.6376         0.7324
    1.6402         0.7266
    1.6429         0.7267
    1.6455         0.7305
    1.6482         0.7348
    1.6508         0.7357
    1.6534         0.7421
    1.6561         0.7471
    1.6587         0.7470
    1.6614         0.7484
    1.6640         0.7500
    1.6666         0.7610
    1.6693         0.7759
    1.6719         0.7682
    1.6746         0.7687
    1.6772         0.7653
    1.6798         0.7757
    1.6825         0.7918
    1.6851         0.7899
    1.6877         0.7847
    1.6904         0.7957
    1.6930         0.7900
    1.6957         0.8025
    1.6983         0.7977
    1.7009         0.7998
    1.7036         0.8115
    1.7062         0.8102
    1.7089         0.8290
    1.7115         0.8314
    1.7141         0.8272
    1.7168         0.8291
    1.7194         0.8312
    1.7221         0.8219
    1.7247         0.8325
    1.7273         0.8370
    1.7300         0.8408
    1.7326         0.8414
    1.7353         0.8371
    1.7379         0.8452
    1.7405         0.8451
    1.7432         0.8514
    1.7458         0.8637
    1.7484         0.8635
    1.7511         0.8849
    1.7537         0.8783
    1.7564         0.8756
    1.7590         0.8858
    1.7616         0.8907
    1.7643         0.9012
    1.7669         0.9008
    1.7696         0.9066
    1.7722         0.9257
    1.7748         0.9204
    1.7775         0.9140
    1.7801         0.9239
    1.7828         0.9235
    1.7854         0.9172
    1.7880         0.9407
    1.7907         0.9393
    1.7933         0.9420
    1.7960         0.9411
    1.7986         0.9435
    1.8012         0.9551
    1.8039         0.9600
    1.8065         0.9680
    1.8091         0.9714
    1.8118         0.9718
    1.8144         0.9680
    1.8171         0.9719
    1.8197         0.9703
    1.8223         0.9662
    1.8250         0.9792
    1.8276         0.9802
    1.8303         0.9865
    1.8329         0.9875
    1.8355         0.9944
    1.8382         1.0002
    1.8408         1.0075
    1.8435         1.0130
    1.8461         1.0139
    1.8487         1.0069
    1.8514         1.0229
    1.8540         1.0332
    1.8567         1.0266
    1.8593         1.0296
    1.8619         1.0271
    1.8646         1.0427
    1.8672         1.0354
    1.8699         1.0587
    1.8725         1.0558
    1.8751         1.0616
    1.8778         1.0714
    1.8804         1.0741
    1.8830         1.0865
    1.8857         1.0962
    1.8883         1.0888
    1.8910         1.0982
    1.8936         1.1082
    1.8962         1.1048
    1.8989         1.1207
    1.9015         1.1078
    1.9042         1.1109
    1.9068         1.1130
    1.9094         1.1145
    1.9121         1.1169
    1.9147         1.1266
    1.9174         1.1187
    1.9200         1.1231
    1.9226         1.1219
    1.9253         1.1321
    1.9279         1.1213
    1.9306         1.1197
    1.9332         1.1147
    1.9358         1.1214
    1.9385         1.1360
    1.9411         1.1515
    1.9437         1.1655
    1.9464         1.1564
    1.9490         1.1579
    1.9517         1.1658
    1.9543         1.1597
    1.9569         1.1744
    1.9596         1.1652
    1.9622         1.1634
    1.9649         1.1694
    1.9675         1.1749
    1.9701         1.1710
    1.9728         1.1769
    1.9754         1.1753
    1.9781         1.1851
    1.9807         1.1866
    1.9833         1.1977
    1.9860         1.1814
    1.9886         1.1835
    1.9913         1.1929
    1.9939         1.1992
    1.9965         1.1852
    1.9992         1.1949
    2.0018         1.1846
    2.0044         1.1855
    2.0071         1.1885
    2.0097         1.2006
    2.0124         1.2005
    2.0150         1.2020
    2.0176         1.1985
    2.0203         1.2105
    2.0229         1.2105
    2.0256         1.2046
    2.0282         1.2009
    2.0308         1.1998
    2.0335         1.2023
    2.0361         1.2161
    2.0388         1.1922
    2.0414         1.1974
    2.0440         1.2045
    2.0467         1.2078
    2.0493         1.2104
    2.0520         1.2077
    2.0546         1.2019
    2.0572         1.1967
    2.0599         1.1884
    2.0625         1.1808
    2.0651         1.1874
    2.0678         1.1922
    2.0704         1.2068
    2.0731         1.2000
    2.0757         1.1986
    2.0783         1.2000
    2.0810         1.1963
    2.0836         1.1934
    2.0863         1.1827
    2.0889         1.1753
    2.0915         1.1764
    2.0942         1.1768
    2.0968         1.1829
    2.0995         1.1698
    2.1021         1.1646
    2.1047         1.1588
    2.1074         1.1642
    2.1100         1.1674
    2.1127         1.1702
    2.1153         1.1715
    2.1179         1.1634
    2.1206         1.1649
    2.1232         1.1558
    2.1258         1.1570
    2.1285         1.1612
    2.1311         1.1568
    2.1338         1.1591
    2.1364         1.1551
    2.1390         1.1620
    2.1417         1.1450
    2.1443         1.1406
    2.1470         1.1363
    2.1496         1.1362
    2.1522         1.1325
    2.1549         1.1256
    2.1575         1.1160
    2.1602         1.1087
    2.1628         1.1099
    2.1654         1.1100
    2.1681         1.1020
    2.1707         1.0996
    2.1734         1.0983
    2.1760         1.0944
    2.1786         1.0824
    2.1813         1.0914
    2.1839         1.0929
    2.1866         1.0935
    2.1892         1.0865
    2.1918         1.0893
    2.1945         1.0750
    2.1971         1.0684
    2.1997         1.0701
    2.2024         1.0633
    2.2050         1.0572
    2.2077         1.0528
    2.2103         1.0617
    2.2129         1.0522
    2.2156         1.0417
    2.2182         1.0352
    2.2209         1.0356
    2.2235         1.0306
    2.2261         1.0380
    2.2288         1.0358
    2.2314         1.0326
    2.2341         1.0241
    2.2367         1.0210
    2.2393         1.0154
    2.2420         1.0142
    2.2446         1.0279
    2.2473         1.0175
    2.2499         1.0165
    2.2525         1.0083
    2.2552         1.0157
    2.2578         1.0045
    2.2604         1.0047
    2.2631         1.0057
    2.2657         1.0095
    2.2684         1.0018
    2.2710         1.0102
    2.2736         1.0071
    2.2763         1.0062
    2.2789         0.9930
    2.2816         0.9912
    2.2842         0.9838
    2.2868         0.9870
    2.2895         0.9897
    2.2921         0.9879
    2.2948         0.9840
    2.2974         0.9918
    2.3000         0.9783
    2.3027         0.9720
    2.3053         0.9782
    2.3080         0.9737
    2.3106         0.9760
    2.3132         0.9771
    2.3159         0.9805
    2.3185         0.9722
    2.3211         0.9686
    2.3238         0.9649
    2.3264         0.9581
    2.3291         0.9504
    2.3317         0.9538
    2.3343         0.9410
    2.3370         0.9358
    2.3396         0.9291
    2.3423         0.9308
    2.3449         0.9350
    2.3475         0.9302
    2.3502         0.9417
    2.3528         0.9409
    2.3555         0.9272
    2.3581         0.9246
    2.3607         0.9265
    2.3634         0.9312
    2.3660         0.9314
    2.3687         0.9374
    2.3713         0.9349
    2.3739         0.9266
    2.3766         0.9312
    2.3792         0.9270
    2.3818         0.9294
    2.3845         0.9267
    2.3871         0.9287
    2.3898         0.9283
    2.3924         0.9170
    2.3950         0.9199
    2.3977         0.9189
    2.4003         0.9217
    2.4030         0.9137
    2.4056         0.9071
    2.4082         0.9044
    2.4109         0.9037
    2.4135         0.9074
    2.4162         0.9104
    2.4188         0.9115
    2.4214         0.9062
    2.4241         0.9052
    2.4267         0.9032
    2.4294         0.9120
    2.4320         0.9085
    2.4346         0.9021
    2.4373         0.8996
    2.4399         0.9079
    2.4426         0.9173
    2.4452         0.9143
    2.4478         0.9048
    2.4505         0.8997
    2.4531         0.8994
    2.4557         0.8992
    2.4584         0.9036
    2.4610         0.8990
    2.4637         0.9016
    2.4663         0.8996
    2.4689         0.8942
    2.4716         0.8997
    2.4742         0.8967
    2.4769         0.8994
    2.4795         0.9017
    2.4821         0.9012
    2.4848         0.9035
    2.4874         0.9101
    2.4901         0.9154
    2.4927         0.9039
    2.4953         0.9141
    2.4980         0.9050
    2.5006         0.9077
    2.5033         0.9098
    2.5059         0.9083
    2.5085         0.9076
    2.5112         0.9120
    2.5138         0.9092
    2.5164         0.9080
    2.5191         0.9178
    2.5217         0.9159
    2.5244         0.9156
    2.5270         0.9053
    2.5296         0.9018
    2.5323         0.9215
    2.5349         0.9157
    2.5376         0.9028
    2.5402         0.9068
    2.5428         0.9051
    2.5455         0.9068
    2.5481         0.9040
    2.5508         0.9086
    2.5534         0.9088
    2.5560         0.9119
    2.5587         0.9142
    2.5613         0.9166
    2.5640         0.9133
    2.5666         0.9161
    2.5692         0.9164
    2.5719         0.9194
    2.5745         0.9173
    2.5771         0.9229
    2.5798         0.9253
    2.5824         0.9267
    2.5851         0.9295
    2.5877         0.9280
    2.5903         0.9307
    2.5930         0.9373
    2.5956         0.9241
    2.5983         0.9245
    2.6009         0.9225
    2.6035         0.9252
    2.6062         0.9338
    2.6088         0.9404
    2.6115         0.9306
    2.6141         0.9280
    2.6167         0.9329
    2.6194         0.9352
    2.6220         0.9429
    2.6247         0.9447
    2.6273         0.9448
    2.6299         0.9475
    2.6326         0.9425
    2.6352         0.9453
    2.6378         0.9474
    2.6405         0.0000
